68 0.2778947368421053 0.2694736842105263 0.10385964912280707 0.25473684210526315
68 0.3249122807017544 0.1905263157894737 0.0603508771929825 0.17684210526315788
68 0.37122807017543863 0.29526315789473684 0.08000000000000007 0.20736842105263156
68 0.6371929824561403 0.1894736842105263 0.05333333333333329 0.14526315789473684
68 0.6968421052631578 0.2773684210526316 0.07438596491228068 0.25368421052631573
68 0.6168421052631574 0.30263157894736836 0.08280701754385986 0.2157894736842106
68 0.4505263157894738 0.3110526315789474 0.06175438596491236 0.18842105263157907
68 0.5515789473684211 0.29736842105263156 0.03649122807017541 0.1968421052631579
68 0.5150877192982456 0.298421052631579 0.07298245614035082 0.23473684210526316
14 0.37473684210526315 0.7968421052631579 0.09263157894736836 0.1915789473684211
14 0.6147368421052631 0.7989473684210526 0.07859649122807014 0.1831578947368422
