15 0.6835446712254409 0.5487986947661666 0.023347651375191986 0.06899125811768393
15 0.7059457961935306 0.5441712323314438 0.020192563351517236 0.06983261492399706
15 0.7091008842172051 0.6295689481722355 0.030288845027275784 0.08245296701869535
15 0.6822826360159712 0.6278862345596091 0.0182995105373125 0.08245296701869549
15 0.7923952080422138 0.5942319623070803 0.02397866897992671 0.14471337068587353
15 0.8248926146860618 0.5984387463386465 0.027133757003601176 0.13798251623536772
15 0.8567590037251748 0.600121459951273 0.025240704189396723 0.13798251623536778
15 0.885154795938246 0.5992801031449597 0.022716633770456837 0.13966522984799426
15 0.9129195705465821 0.5992801031449597 0.02524070418939658 0.14303065707324705
64 0.39239974975664405 0.8493351156213051 0.029385921450421647 0.15724733078358938
64 0.435890913503268 0.8448945763799081 0.029385921450421577 0.15254558335152182
64 0.47487623596082756 0.8451557845705787 0.025859610876371505 0.15411283249554442
64 0.5087679987003146 0.8435885354265554 0.03173679516645305 0.15306799973286161
64 0.552259162446938 0.8448945763799081 0.027818672306399533 0.1504559178261586
