43 0.9297523812180073 0.5220145383089853 0.05496412440320853 0.2080760066551062
43 0.8732625808636011 0.5243521944671374 0.05106982145661959 0.18890913454619196
43 0.8190540992127916 0.521693869733832 0.05189871917573555 0.1977491118566226
43 0.7573532662021712 0.5212489862596387 0.05596021505666954 0.21458581481082134
43 0.6939730367731383 0.5088276918889352 0.05337314051994298 0.241260434879651
24 0.3572973992603326 0.5733329493612966 0.06423324031646431 0.13810146668039805
24 0.25773587676981236 0.5776151653823933 0.0642332403164632 0.13810146668039655
24 0.16700642482280714 0.5802915503955802 0.06423324031646431 0.1413131286962215
34 0.037335570933944864 0.29873584700841177 0.05379533876503884 0.1091965085379893
49 0.5407635919142336 0.23552188116036907 0.03773702868592274 0.2226752330970762
62 0.5981720504470737 0.2478332522210247 0.040145775197790314 0.19162916694411847
