0 0.4471544715447154 0.5663956639566397 0.04878048780487799 0.19512195121951234
0 0.513719512195122 0.5792682926829265 0.05182926829268305 0.1802168021680216
0 0.578760162601626 0.575880758807588 0.053861788617886146 0.17886178861788615
0 0.6478658536585366 0.578590785907859 0.05589430894308947 0.1761517615176151
41 0.77489837398374 0.8218157181571816 0.04979674796747972 0.16937669376693776
41 0.8353658536585366 0.8292682926829268 0.046747967479674774 0.15989159891598917
41 0.8953252032520325 0.8197831978319783 0.056910569105691027 0.16531165311653126
6 0.22459349593495936 0.790650406504065 0.05487804878048781 0.2479674796747969
6 0.33079268292682945 0.8252032520325204 0.03963414634146343 0.2547425474254746
6 0.10518292682926828 0.8462059620596207 0.04979674796747966 0.26422764227642276
53 0.12195121951219512 0.24457994579945802 0.0833333333333333 0.21002710027100271
42 0.2271341463414634 0.2567750677506775 0.045731707317073184 0.1937669376693767
42 0.33434959349593496 0.260840108401084 0.05487804878048785 0.19647696476964774
