73 0.8828631021807116 0.9106076844225057 0.07875539678763119 0.18120328225863375
15 0.734035087719298 0.5889473684210526 0.07017543859649095 0.19684210526315787
15 0.6554385964912285 0.5921052631578947 0.06736842105263209 0.19684210526315796
15 0.584561403508772 0.5894736842105264 0.06035087719298247 0.19368421052631593
15 0.5087719298245615 0.5863157894736842 0.06596491228070177 0.19157894736842102
15 0.42736842105263156 0.5842105263157894 0.06877192982456136 0.1957894736842105
15 0.2912280701754386 0.5215789473684211 0.06596491228070171 0.0915789473684211
15 0.19578947368421049 0.5273684210526316 0.0884210526315789 0.09473684210526322
15 0.19228070175438597 0.6289473684210527 0.07578947368421052 0.09368421052631576
15 0.27228070175438573 0.6205263157894737 0.07298245614035086 0.10210526315789473
58 0.9370527654338319 0.23076177761054104 0.07281656816524304 0.19759661696741232
58 0.8870175438596491 0.24789473684210514 0.04771929824561445 0.15894736842105253
58 0.9782456140350877 0.24894736842105264 0.036491228070175484 0.1631578947368421
73 0.9670175438596488 0.9105263157894737 0.06175438596491201 0.17894736842105236
