68 0.1225923744421181 0.13451846332752243 0.034789257757117886 0.18024148780830593
68 0.09351849474509816 0.21900666073766586 0.06311765335934243 0.2537959184947837
68 0.1444599078894492 0.24948867705818806 0.04373506689466264 0.20873554654270698
68 0.2990236102103588 0.15174742907390462 0.03280130017099687 0.15903660688968174
68 0.3246185641316666 0.24021154165628944 0.04721399267037492 0.24054286792064297
68 0.2813804866335347 0.2554525498165512 0.04423205629119277 0.20475963137046516
68 0.2446032712902958 0.25114530837995575 0.023358501636922 0.18819331815279006
68 0.19241938465461902 0.2594284649887932 0.03230431077446661 0.1862053605666688
68 0.2227357378429646 0.24948867705818803 0.04522603508425331 0.21138615665753502
14 0.15498614330795998 0.7179088185294266 0.050842015265044796 0.17494026757864925
14 0.29083819484950496 0.7095262640412819 0.044828443567028836 0.166922171981294
