58 0.6329837177170732 0.20202224865082358 0.07274241395270224 0.19554025136790906
58 0.5202689871864032 0.20418291441179684 0.06914130435108469 0.19554025136791126
58 0.42303902794269016 0.20526324729228235 0.06481997282914152 0.1944599184874252
58 0.32174458137385575 0.2056540573767743 0.07904315901276178 0.19597236960045428
58 0.23254033001704538 0.2066136633928891 0.0698615262714082 0.19283941916669656
73 0.6757894736842105 0.8705263157894736 0.06035087719298248 0.1810526315789474
73 0.5653446162363084 0.8691130531060935 0.06010518407212612 0.1795246945312189
73 0.4873133246338991 0.8695084819486735 0.06221413789921846 0.18189726758669778
73 0.3997917408095747 0.8651587646802957 0.06221413789921812 0.1763612637905807
73 0.3180697800097544 0.8675313377357745 0.05905070715858018 0.17794297916090007
73 0.2250606639904623 0.8691551951199353 0.07504506198690464 0.1845639788960608
