20 0.7113635247067325 0.21045964844741874 0.06971748188734463 0.21568845958896948
20 0.6189878612060016 0.21634206098166353 0.07146041893452725 0.21438125680358205
20 0.5307382438011318 0.2168018065527901 0.08503391811907626 0.2106649973228224
20 0.44251548517866296 0.22157087212321422 0.07407482450530266 0.20653804009125568
20 0.3441236267243508 0.2238181851235356 0.07994543078065845 0.2067190122348879
20 0.24772924833861104 0.2251644585739586 0.08059464321971437 0.20735649214538449
27 0.9101754385964912 0.5610526315789474 0.06877192982456137 0.17894736842105266
65 0.7003176611702058 0.8675313377357745 0.06010518407212597 0.18110640990153792
65 0.6011968312968751 0.8691130531060937 0.06432309172631057 0.17794297916089988
65 0.5268562088918763 0.8675313377357743 0.06537756863985669 0.17952469453121903
65 0.44687745881232177 0.8686237172496015 0.06229494754574482 0.17630794738593508
65 0.36567104952346474 0.86557414453877 0.07073302211369238 0.18073927479032334
65 0.2796371055982052 0.8679789893532999 0.0804008282512185 0.18284757199440407
