4 0.9099862264294739 0.5987006121622802 0.03820479279338457 0.14232951732118443
4 0.880646509607303 0.6008445015272291 0.028109887104094327 0.14804262934622273
4 0.8547758929198207 0.5982359870162347 0.03222735894812132 0.14718470641551235
4 0.8233123095344174 0.5992526056176601 0.03445117772106073 0.14523272410523888
4 0.7905716821226142 0.5963617037857989 0.039137737110889644 0.14476288005211188
4 0.6862694300518135 0.5533678756476683 0.017098445595855053 0.07253886010362699
4 0.707642487046632 0.5461139896373056 0.024093264248704713 0.06424870466321245
4 0.7115284974093263 0.6248704663212437 0.027202072538860023 0.07668393782383426
4 0.6854922279792746 0.6295336787564767 0.01865284974093271 0.06943005181347146
18 0.5505034335696695 0.8432898012322017 0.03609381925996949 0.15251674003086207
18 0.5082901554404146 0.8455958549222798 0.026424870466321197 0.15336787564766838
18 0.47487046632124347 0.8419689119170986 0.026424870466321197 0.15440414507772018
18 0.43717616580310875 0.8450777202072537 0.02875647668393788 0.15440414507772043
18 0.39404145077720193 0.8461139896373058 0.031088082901554435 0.15233160621761624
