6 0.4105263157894737 0.2673684210526316 0.03315789473684212 0.18315789473684213
6 0.4597545115411074 0.271456170662371 0.03721888146242094 0.18384934754440074
6 0.5062969335601679 0.2712567915853025 0.04377866981303015 0.18477935274570967
6 0.5521303545026783 0.27145796215763324 0.03715974331337691 0.18383990839224978
6 0.643356839174631 0.2776886744287216 0.039964333201364395 0.18426689754515266
6 0.5974193236529207 0.2776529401920834 0.041139972882245385 0.18443327333555007
8 0.7280329423819489 0.5976069089183883 0.04155205605987334 0.16993431068409243
8 0.7706933302615384 0.601820598567912 0.04166729178876011 0.17203324717451893
8 0.8101670144720647 0.6007679669889647 0.04166729178876011 0.17203324717451893
8 0.9047598119162202 0.6039100450571361 0.041091113144329366 0.1615385647223866
8 0.9434440224425361 0.6049626766360835 0.041091113144329366 0.1615385647223866
8 0.8567459618404857 0.6049784933047542 0.04166729178876011 0.17203324717451893
