0 0.6475223599351095 0.5800104236222584 0.06435318962601144 0.17581490656397455
0 0.578351375479151 0.5779378847621548 0.06435318962601144 0.17581490656397455
0 0.5149865419160159 0.5763558198187032 0.06047272952165884 0.17886260168345744
11 0.44674792545063413 0.5651324735015869 0.056443211799890064 0.1993315924805862
11 0.8937408972790896 0.8157922169125926 0.07476322118104264 0.17211803082759927
11 0.8321913459463746 0.8294495331500209 0.057617023381354215 0.15824082227747424
11 0.7702188484112049 0.8225511481485668 0.051868584726083494 0.17297812848926156
1 0.3334196891191711 0.8202072538860102 0.0435233160621761 0.2518134715025903
1 0.22577720207253882 0.7880829015544036 0.050518134715025906 0.24766839378238326
12 0.10820744920851516 0.8462546890262814 0.055030777937202624 0.27127275115631394
12 0.3349740932642487 0.26476683937823836 0.04818652849740925 0.19792746113989634
12 0.22772020725388592 0.2569948186528498 0.049740932642486954 0.19896373056994815
15 0.12396373056994818 0.24352331606217625 0.0816062176165803 0.21139896373057002
