16 0.1018421052631579 0.2631578947368421 0.03947368421052631 0.1705263157894737
16 0.20131578947368425 0.2694736842105263 0.03947368421052631 0.1705263157894737
16 0.14526315789473684 0.26631578947368423 0.03947368421052631 0.1705263157894737
16 0.2478947368421053 0.2715789473684211 0.03947368421052631 0.1705263157894737
16 0.30394736842105274 0.2768421052631579 0.03947368421052631 0.1705263157894737
2 0.8977593864080393 0.8410132796422234 0.0434247013512487 0.15642602538352804
2 0.8587141689664957 0.8404283325644473 0.0434247013512487 0.15642602538352804
2 0.8170366896749601 0.8386734913311193 0.0434247013512487 0.15642602538352804
2 0.782145281257381 0.8434283656331462 0.0387800982678246 0.15590246179678105
2 0.7448549050491653 0.8422584714775941 0.0387800982678246 0.15590246179678105
2 0.7062186032858752 0.8425526853423506 0.03883968752797813 0.1599727267790331
2 0.7244901698074325 0.813991964182806 0.026852209369201886 0.141673779665596
